name: face2face
channels:
  - conda-forge
  - defaults
dependencies:
  - _libgcc_mutex=0.1=main
  - backports=1.0=py_2
  - backports.weakref=1.0rc1=py36_0
  - blas=2.11=openblas
  - bleach=1.5.0=py36_0
  - bzip2=1.0.8=h516909a_1
  - ca-certificates=2019.9.11=hecc5488_0
  - cairo=1.16.0=hfb77d84_1002
  - certifi=2019.9.11=py36_0
  - cudatoolkit=8.0=3
  - cudnn=6.0.21=cuda8.0_0
  - cycler=0.10.0=py_2
  - dbus=1.13.6=he372182_0
  - dlib=19.18=py36h5245418_1
  - expat=2.2.5=he1b5a44_1004
  - ffmpeg=4.1.3=h167e202_0
  - fontconfig=2.13.1=h86ecdb6_1001
  - freeglut=3.0.0=hf484d3e_1005
  - freetype=2.10.0=he983fc9_1
  - gettext=0.19.8.1=hc5be6a0_1002
  - giflib=5.1.9=h516909a_0
  - glib=2.58.3=py36h6f030ca_1002
  - gmp=6.1.2=hf484d3e_1000
  - gnutls=3.6.5=hd3a4fd2_1002
  - graphite2=1.3.13=hf484d3e_1000
  - gst-plugins-base=1.14.5=h0935bb2_0
  - gstreamer=1.14.5=h36ae1b5_0
  - harfbuzz=2.4.0=h9f30f68_3
  - hdf5=1.10.5=nompi_h3c11f04_1104
  - html5lib=0.9999999=py36_0
  - icu=64.2=he1b5a44_1
  - imutils=0.5.3=py36_0
  - jasper=1.900.1=h07fcdf6_1006
  - jpeg=9c=h14c3975_1001
  - kiwisolver=1.1.0=py36hc9558a2_0
  - lame=3.100=h14c3975_1001
  - libblas=3.8.0=11_openblas
  - libcblas=3.8.0=11_openblas
  - libclang=9.0.0=default_hde54327_4
  - libedit=3.1.20181209=hc058e9b_0
  - libffi=3.2.1=he1b5a44_1006
  - libgcc=7.2.0=h69d50b8_2
  - libgcc-ng=9.1.0=hdf63c60_0
  - libgfortran=3.0.0=1
  - libgfortran-ng=7.3.0=hdf63c60_2
  - libglu=9.0.0=hf484d3e_1000
  - libiconv=1.15=h516909a_1005
  - liblapack=3.8.0=11_openblas
  - liblapacke=3.8.0=11_openblas
  - libllvm9=9.0.0=hc9558a2_3
  - libopenblas=0.3.6=h5a2b251_2
  - libopencv=4.1.2=py36_2
  - libpng=1.6.37=hed695b0_0
  - libprotobuf=3.10.1=hd408876_0
  - libstdcxx-ng=9.1.0=hdf63c60_0
  - libtiff=4.1.0=hc3755c2_1
  - libuuid=2.32.1=h14c3975_1000
  - libwebp=1.0.2=h576950b_1
  - libxcb=1.13=h14c3975_1002
  - libxkbcommon=0.9.1=hebb1f50_0
  - libxml2=2.9.10=hee79883_0
  - lz4-c=1.8.3=he1b5a44_1001
  - markdown=3.1.1=py36_0
  - matplotlib=3.1.2=py36_1
  - matplotlib-base=3.1.2=py36h250f245_1
  - ncurses=6.1=hf484d3e_1002
  - nettle=3.4.1=h1bed415_1002
  - nspr=4.23=he1b5a44_0
  - nss=3.47=he751ad9_0
  - numpy=1.17.3=py36h95a1406_0
  - openblas=0.2.20=8
  - opencv=4.1.2=py36_2
  - openh264=1.8.0=hdbcaa40_1000
  - openssl=1.1.1d=h516909a_0
  - pcre=8.43=he1b5a44_0
  - pip=19.3.1=py36_0
  - pixman=0.38.0=h516909a_1003
  - protobuf=3.10.1=py36he6710b0_0
  - pthread-stubs=0.4=h14c3975_1001
  - py-opencv=4.1.2=py36h5ca1d4c_2
  - pyparsing=2.4.5=py_0
  - pyqt=5.12.3=py36hcca6a23_1
  - python=3.6.7=h381d211_1004
  - python-dateutil=2.8.1=py_0
  - qt=5.12.5=hd8c4c69_1
  - readline=7.0=hf8c457e_1001
  - scipy=1.3.2=py36h921218d_0
  - setuptools=42.0.0=py36_0
  - sip=4.18.1=py36hf484d3e_1000
  - six=1.13.0=py36_0
  - sqlite=3.30.1=h7b6447c_0
  - tensorflow-gpu=1.2.1=py36cuda8.0cudnn6.0_0
  - tk=8.6.10=hed695b0_0
  - tornado=6.0.3=py36h516909a_0
  - werkzeug=0.16.0=py_0
  - wheel=0.33.6=py36_0
  - x264=1!152.20180806=h14c3975_0
  - xorg-fixesproto=5.0=h14c3975_1002
  - xorg-inputproto=2.3.2=h14c3975_1002
  - xorg-kbproto=1.0.7=h14c3975_1002
  - xorg-libice=1.0.10=h516909a_0
  - xorg-libsm=1.2.3=h84519dc_1000
  - xorg-libx11=1.6.9=h516909a_0
  - xorg-libxau=1.0.9=h14c3975_0
  - xorg-libxdmcp=1.1.3=h516909a_0
  - xorg-libxext=1.3.4=h516909a_0
  - xorg-libxfixes=5.0.3=h516909a_1004
  - xorg-libxi=1.7.10=h516909a_0
  - xorg-libxrender=0.9.10=h516909a_1002
  - xorg-renderproto=0.11.1=h14c3975_1002
  - xorg-xextproto=7.3.0=h14c3975_1002
  - xorg-xproto=7.0.31=h14c3975_1007
  - xz=5.2.4=h14c3975_1001
  - zlib=1.2.11=h516909a_1006
  - zstd=1.4.4=h3b9ef0a_1
  - pip:
    - pyqt5-sip==4.19.18
    - pyqtwebengine==5.12.1
prefix: /root/anaconda3/envs/face2face

